{"app":"com.DefaultCompany.HummingHavoc-ARDK3-Test2","autofocus":1,"captureGroup":{"sequence":0,"uuid":"018aad2f-32a9-7027-80d5-9a1a0000ffff"},"coordinates":"opengl","depthSource":"none","duration":31.324,"formatVersion":"1","frameCount":368,"framerate":11.716255906014556,"frames":[{"exposure":0.0,"image":"frame_00000000.jpg","intrinsics":[548.31787109375,548.31787109375,360.05474853515625,257.7195739746094,0.0],"location":{"altitude":112.94991302490234,"altitudeAccuracy":6.3290510177612305,"heading":347.7222900390625,"headingAccuracy":6.0490946769714355,"headingTimestamp":1695122663000.0,"latitude":51.447479248046875,"longitude":7.034723281860352,"positionAccuracy":6.0490946769714355,"positionSource":"corelocation","positionTimestamp":1695122663000.0},"pose":[-0.003051286330446601,0.016215892508625984,0.02177385240793228,-0.13019663095474243,0.06694139540195465,0.0022419302258640528,0.9892232418060303],"pose4x4":[0.9910276532173157,-0.01299554854631424,-0.13302375376224518,0.0,-0.021866627037525177,0.9660876393318176,-0.2572869062423706,0.0,0.13185618817806244,0.25788724422454834,0.9571353793144226,0.0,-0.003051286330446601,0.016215892508625984,0.02177385240793228,1.0],"resolution":[720,540],"sequence":0,"timestamp":1695122666.0,"tracking":2,"trackingReason":0},{"exposure":0.0,"image":"frame_00000001.jpg","intrinsics":[548.31787109375,548.31787109375,360.0360107421875,257.61712646484375,0.0],"location":{"altitude":112.94991302490234,"altitudeAccuracy":6.3290510177612305,"heading":347.7222900390625,"headingAccuracy":6.0490946769714355,"headingTimestamp":1695122663000.0,"latitude":51.447479248046875,"longitude":7.034723281860352,"positionAccuracy":6.0490946769714355,"positionSource":"corelocation","positionTimestamp":1695122663000.0},"pose":[-0.0008062273263931274,0.014121472835540771,0.0212111659348011,-0.12888705730438232,0.0657351166009903,0.0025241372641175985,0.9894749522209167],"pose4x4":[0.9913450479507446,-0.011949669569730759,-0.13073715567588806,0.0,-0.021939951926469803,0.9667634963989258,-0.25472918152809143,0.0,0.12943583726882935,0.2553928792476654,0.9581340551376343,0.0,-0.0008062273263931274,0.014121472835540771,0.0212111659348011,1.0],"resolution":[720,540],"sequence":1,"timestamp":1695122666.1,"tracking":2,"trackingReason":0},{"exposure":0.0,"image":"frame_00000002.jpg","intrinsics":[548.0982055664063,548.0982055664063,360.07904052734375,257.5915222167969,0.0],"location":{"altitude":112.94991302490234,"altitudeAccuracy":6.3290510177612305,"heading":347.7222900390625,"headingAccuracy":6.0490946769714355,"headingTimestamp":1695122663000.0,"latitude":51.447479248046875,"longitude":7.034723281860352,"positionAccuracy":6.0490946769714355,"positionSource":"corelocation","positionTimestamp":1695122663000.0},"pose":[0.0010135248303413391,0.013148404657840729,0.020909197628498077,-0.129781112074852,0.0670672282576561,0.0010306593030691147,0.989271342754364],"pose4x4":[0.9910018444061279,-0.015368916094303131,-0.1329628974199295,0.0,-0.01944732293486595,0.9663115739822388,-0.2566392123699188,0.0,0.1324278563261032,0.25691571831703186,0.9573177099227905,0.0,0.0010135248303413391,0.013148404657840729,0.020909197628498077,1.0],"resolution":[720,540],"sequence":2,"timestamp":1695122666.2,"tracking":2,"trackingReason":0},{"exposure":0.0,"image":"frame_00000003.jpg","intrinsics":[548.31787109375,548.31787109375,360.0833435058594,257.58721923828125,0.0],"location":{"altitude":112.94991302490234,"altitudeAccuracy":6.3290510177612305,"heading":347.7222900390625,"headingAccuracy":6.0490946769714355,"headingTimestamp":1695122663000.0,"latitude":51.447479248046875,"longitude":7.034723281860352,"positionAccuracy":6.0490946769714355,"positionSource":"corelocation","positionTimestamp":1695122663000.0},"pose":[0.0018036141991615295,0.012703277170658112,0.022626347839832306,-0.12843148410320282,0.069089874625206,0.0006541860639117658,0.9893085956573486],"pose4x4":[0.9904523491859436,-0.0164522472769022,-0.13687045872211456,0.0,-0.019041014835238457,0.9670098423957825,-0.2540263533592224,0.0,0.13653437793254852,0.25420713424682617,0.9574638605117798,0.0,0.0018036141991615295,0.012703277170658112,0.022626347839832306,1.0],"resolution":[720,540],"sequence":3,"timestamp":1695122666.3,"tracking":2,"trackingReason":0},{"exposure":0.0,"image":"frame_00000004.jpg","intrinsics":[548.0982055664063,548.0982055664063,360.0787658691406,257.5657958984375,0.0],"location":{"altitude":112.94991302490234,"altitudeAccuracy":6.3290510177612305,"heading":347.7222900390625,"headingAccuracy":6.0490946769714355,"headingTimestamp":1695122663000.0,"latitude":51.447479248046875,"longitude":7.034723281860352,"positionAccuracy":6.0490946769714355,"positionSource":"corelocation","positionTimestamp":1695122663000.0},"pose":[0.0016423314809799194,0.013020310550928116,0.023752320557832718,-0.1276162713766098,0.06999926269054413,-0.0002558064879849553,0.9893503785133362],"pose4x4":[0.9902001023292542,-0.018372254446148872,-0.1384422928094864,0.0,-0.01735992543399334,0.9674280285835266,-0.25255024433135986,0.0,0.13857288658618927,0.25247859954833984,0.9576283693313599,0.0,0.0016423314809799194,0.013020310550928116,0.023752320557832718,1.0],"resolution":[720,540],"sequence":4,"timestamp":1695122666.4,"tracking":2,"trackingReason":0},{"exposure":0.0,"image":"frame_00000005.jpg","intrinsics":[548.0982055664063,548.0982055664063,360.0181884765625,257.5743713378906,0.0],"location":{"altitude":112.94991302490234,"altitudeAccuracy":6.3290510177612305,"heading":347.7222900390625,"headingAccuracy":6.0490946769714355,"headingTimestamp":1695122663000.0,"latitude":51.447479248046875,"longitude":7.034723281860352,"positionAccuracy":6.0490946769714355,"positionSource":"corelocation","positionTimestamp":1695122663000.0},"pose":[0.001330733299255371,0.01255907490849495,0.024083133786916733,-0.12748205661773682,0.0704188123345375,0.0006018591811880469,0.9893377423286438],"pose4x4":[0.9900816679000854,-0.016763385385274887,-0.13948942720890045,0.0,-0.01914515346288681,0.9674959182739258,-0.2521608769893646,0.0,0.13918252289295197,0.25233039259910583,0.9575790166854858,0.0,0.001330733299255371,0.01255907490849495,0.024083133786916733,1.0],"resolution":[720,540],"sequence":5,"timestamp":1695122666.5,"tracking":2,"trackingReason":0},{"exposure":0.0,"image":"frame_00000006.jpg","intrinsics":[548.0982055664063,548.0982055664063,359.9792175292969,257.5956115722656,0.0],"location":{"altitude":112.94991302490234,"altitudeAccuracy":6.3290510177612305,"heading":347.7222900390625,"headingAccuracy":6.0490946769714355,"headingTimestamp":1695122663000.0,"latitude":51.447479248046875,"longitude":7.034723281860352,"positionAccuracy":6.0490946769714355,"positionSource":"corelocation","positionTimestamp":1695122663000.0},"pose":[0.0006517022848129272,0.012537099421024323,0.025099273771047592,-0.12888842821121216,0.07254720479249954,0.0002360545186093077,0.9890018105506897],"pose4x4":[0.9894737005233765,-0.018234074115753174,-0.14355948567390442,0.0,-0.019167907536029816,0.9667754173278809,-0.2549075484275818,0.0,0.14343777298927307,0.2549760341644287,0.9562493562698364,0.0,0.0006517022848129272,0.012537099421024323,0.025099273771047592,1.0],"resolution":[720,540],"sequence":6,"timestamp":1695122666.6,"tracking":2,"trackingReason":0},{"exposure":0.0,"image":"frame_00000007.jpg","intrinsics":[548.0982055664063,548.0982055664063,359.98455810546875,257.5415344238281,0.0],"location":{"altitude":112.94991302490234,"altitudeAccuracy":6.3290510177612305,"heading":347.7222900390625,"headingAccuracy":6.0490946769714355,"headingTimestamp":1695122663000.0,"latitude":51.447479248046875,"longitude":7.034723281860352,"positionAccuracy":6.0490946769714355,"positionSource":"corelocation","positionTimestamp":1695122663000.0},"pose":[-0.00136468349955976,0.012931281700730324,0.026871394366025925,-0.12908434867858887,0.07645163685083389,0.001424742629751563,0.9886811375617981],"pose4x4":[0.9883062243461609,-0.016920186579227448,-0.15154039859771729,0.0,-0.022554650902748108,0.9666703939437866,-0.2550286650657654,0.0,0.15080475807189941,0.2554643750190735,0.9549847841262817,0.0,-0.00136468349955976,0.012931281700730324,0.026871394366025925,1.0],"resolution":[720,540],"sequence":7,"timestamp":1695122666.7,"tracking":2,"trackingReason":0},{"exposure":0.0,"image":"frame_00000008.jpg","intrinsics":[548.31787109375,548.31787109375,359.9597473144531,257.6018981933594,0.0],"location":{"altitude":112.94991302490234,"altitudeAccuracy":6.3290510177612305,"heading":347.7222900390625,"headingAccuracy":6.0490946769714355,"headingTimestamp":1695122663000.0,"latitude":51.447479248046875,"longitude":7.034723281860352,"positionAccuracy":6.0490946769714355,"positionSource":"corelocation","positionTimestamp":1695122663000.0},"pose":[-0.0040631890296936035,0.014073356986045837,0.028150856494903564,-0.1292472928762436,0.08006872236728668,0.0007732299854978919,0.9883741736412048],"pose4x4":[0.987176775932312,-0.019168850034475327,-0.1584755778312683,0.0,-0.022225812077522278,0.966589093208313,-0.2553655505180359,0.0,0.15807583928108215,0.25561320781707764,0.953768253326416,0.0,-0.0040631890296936035,0.014073356986045837,0.028150856494903564,1.0],"resolution":[720,540],"sequence":8,"timestamp":1695122666.8,"tracking":2,"trackingReason":0},{"exposure":0.0,"image":"frame_00000009.jpg","intrinsics":[548.31787109375,548.31787109375,359.8800048828125,257.573486328125,0.0],"location":{"altitude":112.94991302490234,"altitudeAccuracy":6.3290510177612305,"heading":347.7222900390625,"headingAccuracy":6.0490946769714355,"headingTimestamp":1695122663000.0,"latitude":51.447479248046875,"longitude":7.034723281860352,"positionAccuracy":6.0490946769714355,"positionSource":"corelocation","positionTimestamp":1695122663000.0},"pose":[-0.0058885118924081326,0.015253210440278053,0.029688652604818344,-0.12903328239917755,0.08293042331933975,0.000403584010200575,0.9881663918495178],"pose4x4":[0.9862447381019592,-0.020603952929377556,-0.16400225460529327,0.0,-0.02219918556511402,0.9667004942893982,-0.2549457848072052,0.0,0.16379396617412567,0.2550796568393707,0.9529459476470947,0.0,-0.0058885118924081326,0.015253210440278053,0.029688652604818344,1.0],"resolution":[720,540],"sequence":9,"timestamp":1695122666.9,"tracking":2,"trackingReason":0},{"exposure":0.0,"image":"frame_00000010.jpg","intrinsics":[548.0982055664063,548.0982055664063,359.9266052246094,257.5343933105469,0.0],"location":{"altitude":112.94991302490234,"altitudeAccuracy":6.3290510177612305,"heading":347.7222900390625,"headingAccuracy":6.0490946769714355,"headingTimestamp":1695122663000.0,"latitude":51.447479248046875,"longitude":7.034723281860352,"positionAccuracy":6.0490946769714355,"positionSource":"corelocation","positionTimestamp":1695122663000.0},"pose":[-0.007844756357371807,0.0170232355594635,0.03117258846759796,-0.12834495306015015,0.08625593036413193,0.0013157661305740476,0.9879705309867859],"pose4x4":[0.9851163625717163,-0.019541149958968163,-0.17077438533306122,0.0,-0.024740902706980705,0.9670516848564148,-0.2533750832080841,0.0,0.17009888589382172,0.2538290321826935,0.952174961566925,0.0,-0.007844756357371807,0.0170232355594635,0.03117258846759796,1.0],"resolution":[720,540],"sequence":10,"timestamp":1695122667.0,"tracking":2,"trackingReason":0},{"exposure":0.0,"image":"frame_00000011.jpg","intrinsics":[548.0982055664063,548.0982055664063,359.92730712890625,257.5954895019531,0.0],"location":{"altitude":112.94991302490234,"altitudeAccuracy":6.3290510177612305,"heading":347.7222900390625,"headingAccuracy":6.0490946769714355,"headingTimestamp":1695122663000.0,"latitude":51.447479248046875,"longitude":7.034723281860352,"positionAccuracy":6.0490946769714355,"positionSource":"corelocation","positionTimestamp":1695122663000.0},"pose":[-0.008901089429855347,0.017925143241882324,0.03207778558135033,-0.1282881498336792,0.0902574211359024,0.0017463581170886755,0.9876196980476379],"pose4x4":[0.9837011098861694,-0.019708439707756042,-0.17872808873653412,0.0,-0.026607390493154526,0.9670782089233398,-0.25308457016944885,0.0,0.17783193290233612,0.25371506810188293,0.9507914781570435,0.0,-0.008901089429855347,0.017925143241882324,0.03207778558135033,1.0],"resolution":[720,540],"sequence":11,"timestamp":1695122667.083,"tracking":2,"trackingReason":0},{"exposure":0.0,"image":"frame_00000012.jpg","intrinsics":[548.0982055664063,548.0982055664063,359.94024658203125,257.58282470703125,0.0],"location":{"altitude":112.94991302490234,"altitudeAccuracy":6.3290510177612305,"heading":347.7222900390625,"headingAccuracy":6.0490946769714355,"headingTimestamp":1695122663000.0,"latitude":51.447479248046875,"longitude":7.034723281860352,"positionAccuracy":6.0490946769714355,"positionSource":"corelocation","positionTimestamp":1695122663000.0},"pose":[-0.009028173983097076,0.018324758857488632,0.03291598707437515,-0.1288723647594452,0.09557697176933289,0.001659578294493258,0.9870431423187256],"pose4x4":[0.9817245602607727,-0.0213583093136549,-0.18910494446754456,0.0,-0.027910610660910606,0.9667783379554749,-0.2540879249572754,0.0,0.18824943900108337,0.2547224164009094,0.948513925075531,0.0,-0.009028173983097076,0.018324758857488632,0.03291598707437515,1.0],"resolution":[720,540],"sequence":12,"timestamp":1695122667.167,"tracking":2,"trackingReason":0},{"exposure":0.0,"image":"frame_00000013.jpg","intrinsics":[548.31787109375,548.31787109375,359.94171142578125,257.59136962890625,0.0],"location":{"altitude":112.94991302490234,"altitudeAccuracy":6.3290510177612305,"heading":347.7222900390625,"headingAccuracy":6.0490946769714355,"headingTimestamp":1695122663000.0,"latitude":51.447479248046875,"longitude":7.034723281860352,"positionAccuracy":6.0490946769714355,"positionSource":"corelocation","positionTimestamp":1695122663000.0},"pose":[-0.008249908685684204,0.018622376024723053,0.032830238342285156,-0.1301279217004776,0.10098399966955185,0.0012066424824297428,0.9863404631614685],"pose4x4":[0.9796015620231628,-0.023901354521512985,-0.19952325522899628,0.0,-0.028661996126174927,0.9661305546760559,-0.2564571797847748,0.0,0.1988951712846756,0.25694456696510315,0.945737898349762,0.0,-0.008249908685684204,0.018622376024723053,0.032830238342285156,1.0],"resolution":[720,540],"sequence":13,"timestamp":1695122667.25,"tracking":2,"trackingReason":0},{"exposure":0.0,"image":"frame_00000014.jpg","intrinsics":[548.0982055664063,548.0982055664063,359.96148681640625,257.54437255859375,0.0],"location":{"altitude":112.94991302490234,"altitudeAccuracy":6.3290510177612305,"heading":347.7222900390625,"headingAccuracy":6.0490946769714355,"headingTimestamp":1695122663000.0,"latitude":51.447479248046875,"longitude":7.034723281860352,"positionAccuracy":6.0490946769714355,"positionSource":"corelocation","positionTimestamp":1695122663000.0},"pose":[-0.008116155862808228,0.01956845074892044,0.03297458589076996,-0.13152824342250824,0.10623889416456223,0.0015095510752871633,0.9856020212173462],"pose4x4":[0.9774220585823059,-0.024971196427941322,-0.2098156362771988,0.0,-0.030922463163733482,0.9653961062431335,-0.25894826650619507,0.0,0.2090214341878891,0.2595897316932678,0.9428272247314453,0.0,-0.008116155862808228,0.01956845074892044,0.03297458589076996,1.0],"resolution":[720,540],"sequence":14,"timestamp":1695122667.333,"tracking":2,"trackingReason":0},{"exposure":0.0,"image":"frame_00000015.jpg","intrinsics":[548.0982055664063,548.0982055664063,359.95574951171875,257.5486755371094,0.0],"location":{"altitude":112.94991302490234,"altitudeAccuracy":6.3290510177612305,"heading":347.7222900390625,"headingAccuracy":6.0490946769714355,"headingTimestamp":1695122663000.0,"latitude":51.447479248046875,"longitude":7.034723281860352,"positionAccuracy":6.0490946769714355,"positionSource":"corelocation","positionTimestamp":1695122663000.0},"pose":[-0.007221408188343048,0.021255213767290115,0.03335434943437576,-0.13145580887794495,0.11346499621868134,0.0017748139798641205,0.9848055243492126],"pose4x4":[0.9742450714111328,-0.026335572823882103,-0.22394852340221405,0.0,-0.03332696110010147,0.9654324650764465,-0.25851407647132874,0.0,0.22301529347896576,0.25931957364082336,0.939690113067627,0.0,-0.007221408188343048,0.021255213767290115,0.03335434943437576,1.0],"resolution":[720,540],"sequence":15,"timestamp":1695122667.433,"tracking":2,"trackingReason":0},{"exposure":0.0,"image":"frame_00000016.jpg","intrinsics":[548.0982055664063,548.0982055664063,359.9305725097656,257.57366943359375,0.0],"location":{"altitude":112.94991302490234,"altitudeAccuracy":6.3290510177612305,"heading":347.7222900390625,"headingAccuracy":6.0490946769714355,"headingTimestamp":1695122663000.0,"latitude":51.447479248046875,"longitude":7.034723281860352,"positionAccuracy":6.0490946769714355,"positionSource":"corelocation","positionTimestamp":1695122663000.0},"pose":[-0.0060963863506913185,0.023008055984973907,0.033545006066560745,-0.1307767629623413,0.12144486606121063,0.0017800256609916687,0.9839438199996948],"pose4x4":[0.9704959392547607,-0.028261441737413406,-0.2394554167985916,0.0,-0.03526722267270088,0.9657885432243347,-0.2569216191768646,0.0,0.23852427303791046,0.2577863037586212,0.9362971782684326,0.0,-0.0060963863506913185,0.023008055984973907,0.033545006066560745,1.0],"resolution":[720,540],"sequence":16,"timestamp":1695122667.533,"tracking":2,"trackingReason":0},{"exposure":0.0,"image":"frame_00000017.jpg","intrinsics":[548.0982055664063,548.0982055664063,359.9412841796875,257.576904296875,0.0],"location":{"altitude":112.94991302490234,"altitudeAccuracy":6.3290510177612305,"heading":347.7222900390625,"headingAccuracy":6.0490946769714355,"headingTimestamp":1695122663000.0,"latitude":51.447479248046875,"longitude":7.034723281860352,"positionAccuracy":6.0490946769714355,"positionSource":"corelocation","positionTimestamp":1695122663000.0},"pose":[-0.005254395306110382,0.025046877562999725,0.03340548649430275,-0.12938903272151947,0.12896312773227692,0.0016763571184128523,0.9831704497337341],"pose4x4":[0.9667314291000366,-0.030076537281274796,-0.25401926040649414,0.0,-0.03666911646723747,0.9665113091468811,-0.2539905607700348,0.0,0.25315165519714355,0.25485530495643616,0.9332540035247803,0.0,-0.005254395306110382,0.025046877562999725,0.03340548649430275,1.0],"resolution":[720,540],"sequence":17,"timestamp":1695122667.633,"tracking":2,"trackingReason":0},{"exposure":0.0,"image":"frame_00000018.jpg","intrinsics":[548.31787109375,548.31787109375,359.94073486328125,257.53424072265625,0.0],"location":{"altitude":112.94991302490234,"altitudeAccuracy":6.3290510177612305,"heading":347.7222900390625,"headingAccuracy":6.0490946769714355,"headingTimestamp":1695122663000.0,"latitude":51.447479248046875,"longitude":7.034723281860352,"positionAccuracy":6.0490946769714355,"positionSource":"corelocation","positionTimestamp":1695122663000.0},"pose":[-0.005182743072509766,0.02602308988571167,0.03354820981621742,-0.12824517488479614,0.1356278359889984,0.002355964155867696,0.982421875],"pose4x4":[0.9631990790367126,-0.03015812858939171,-0.2670917809009552,0.0,-0.03941633179783821,0.9670952558517456,-0.25134265422821045,0.0,0.2658832371234894,0.2526208162307739,0.9303165078163147,0.0,-0.005182743072509766,0.02602308988571167,0.03354820981621742,1.0],"resolution":[720,540],"sequence":18,"timestamp":1695122667.733,"tracking":2,"trackingReason":0},{"exposure":0.0,"image":"frame_00000019.jpg","intrinsics":[548.31787109375,548.31787109375,359.955078125,257.5129699707031,0.0],"location":{"altitude":112.94991302490234,"altitudeAccuracy":6.3290510177612305,"heading":347.7222900390625,"headingAccuracy":6.0490946769714355,"headingTimestamp":1695122663000.0,"latitude":51.447479248046875,"longitude":7.034723281860352,"positionAccuracy":6.0490946769714355,"positionSource":"corelocation","positionTimestamp":1695122663000.0},"pose":[-0.004936307668685913,0.0266556516289711,0.03350275009870529,-0.12751305103302002,0.1409427523612976,0.003176001599058509,0.9817665219306946],"pose4x4":[0.9602501392364502,-0.0297078974545002,-0.2775557339191437,0.0,-0.04218026623129845,0.9674606919288635,-0.24948081374168396,0.0,0.2759357988834381,0.2512713372707367,0.9277511239051819,0.0,-0.004936307668685913,0.0266556516289711,0.03350275009870529,1.0],"resolution":[720,540],"sequence":19,"timestamp":1695122667.833,"tracking":2,"trackingReason":0},{"exposure":0.0,"image":"frame_00000020.jpg","intrinsics":[548.5375366210938,548.5375366210938,359.9444580078125,257.55181884765625,0.0],"location":{"altitude":112.94991302490234,"altitudeAccuracy":6.3290510177612305,"heading":347.7222900390625,"headingAccuracy":6.0490946769714355,"headingTimestamp":1695122663000.0,"latitude":51.447479248046875,"longitude":7.034723281860352,"positionAccuracy":6.0490946769714355,"positionSource":"corelocation","positionTimestamp":1695122663000.0},"pose":[-0.0048116338439285755,0.02641107887029648,0.03477546200156212,-0.12570184469223022,0.14533300697803497,0.003633056301623583,0.9813583493232727],"pose4x4":[0.957730233669281,-0.0294065922498703,-0.2861608862876892,0.0,-0.04366791248321533,0.9683716893196106,-0.24566110968589783,0.0,0.2843341827392578,0.24777311086654663,0.9261547327041626,0.0,-0.0048116338439285755,0.02641107887029648,0.03477546200156212,1.0],"resolution":[720,540],"sequence":20,"timestamp":1695122667.933,"tracking":2,"trackingReason":0},{"exposure":0.0,"image":"frame_00000021.jpg","intrinsics":[548.31787109375,548.31787109375,359.9079284667969,257.51617431640625,0.0],"location":{"altitude":112.94991302490234,"altitudeAccuracy":6.3290510177612305,"heading":347.7222900390625,"headingAccuracy":6.0490946769714355,"headingTimestamp":1695122663000.0,"latitude":51.447479248046875,"longitude":7.034723281860352,"positionAccuracy":6.0490946769714355,"positionSource":"corelocation","positionTimestamp":1695122663000.0},"pose":[-0.005104415118694305,0.02653590589761734,0.03444508835673332,-0.12405388802289963,0.14990200102329254,0.0046790712513029575,0.9808762073516846],"pose4x4":[0.9550150036811829,-0.028012674301862717,-0.29523152112960815,0.0,-0.04637103155255318,0.9691774845123291,-0.24196019768714905,0.0,0.2929096817970276,0.24476581811904907,0.924280047416687,0.0,-0.005104415118694305,0.02653590589761734,0.03444508835673332,1.0],"resolution":[720,540],"sequence":21,"timestamp":1695122668.033,"tracking":2,"trackingReason":0},{"exposure":0.0,"image":"frame_00000022.jpg","intrinsics":[548.31787109375,548.31787109375,359.9950256347656,257.54510498046875,0.0],"location":{"altitude":112.94991302490234,"altitudeAccuracy":6.3290510177612305,"heading":347.7222900390625,"headingAccuracy":6.0490946769714355,"headingTimestamp":1695122663000.0,"latitude":51.447479248046875,"longitude":7.034723281860352,"positionAccuracy":6.0490946769714355,"positionSource":"corelocation","positionTimestamp":1695122663000.0},"pose":[-0.0050292834639549255,0.026898279786109924,0.03273066505789757,-0.12326208502054214,0.15241625905036926,0.004761929158121347,0.9805881381034851],"pose4x4":[0.9534932374954224,-0.028235308825969696,-0.3000890910625458,0.0,-0.0469132736325264,0.9695675373077393,-0.24028708040714264,0.0,0.29774120450019836,0.24319027364253998,0.9231514930725098,0.0,-0.0050292834639549255,0.026898279786109924,0.03273066505789757,1.0],"resolution":[720,540],"sequence":22,"timestamp":1695122668.116,"tracking":2,"trackingReason":0},{"exposure":0.0,"image":"frame_00000023.jpg","intrinsics":[548.31787109375,548.31787109375,359.9521179199219,257.5269470214844,0.0],"location":{"altitude":112.94991302490234,"altitudeAccuracy":6.3290510177612305,"heading":347.7222900390625,"headingAccuracy":6.0490946769714355,"headingTimestamp":1695122663000.0,"latitude":51.447479248046875,"longitude":7.034723281860352,"positionAccuracy":6.0490946769714355,"positionSource":"corelocation","positionTimestamp":1695122663000.0},"pose":[-0.0034255757927894592,0.027078669518232346,0.03060533106327057,-0.1229039877653122,0.1531340628862381,0.005196572747081518,0.9805189967155457],"pose4x4":[0.9530459046363831,-0.02745089679956436,-0.3015790581703186,0.0,-0.04783225059509277,0.9697352051734924,-0.2394278347492218,0.0,0.2990243434906006,0.24261093139648438,0.9228891134262085,0.0,-0.0034255757927894592,0.027078669518232346,0.03060533106327057,1.0],"resolution":[720,540],"sequence":23,"timestamp":1695122668.2,"tracking":2,"trackingReason":0},{"exposure":0.0,"image":"frame_00000024.jpg","intrinsics":[548.31787109375,548.31787109375,359.965087890625,257.5228576660156,0.0],"location":{"altitude":112.94991302490234,"altitudeAccuracy":6.3290510177612305,"heading":347.7222900390625,"headingAccuracy":6.0490946769714355,"headingTimestamp":1695122663000.0,"latitude":51.447479248046875,"longitude":7.034723281860352,"positionAccuracy":6.0490946769714355,"positionSource":"corelocation","positionTimestamp":1695122663000.0},"pose":[-0.0035555267240852118,0.026011241599917412,0.029609646648168564,-0.12323582917451859,0.15138238668441772,0.004793291911482811,0.9807513952255249],"pose4x4":[0.9541208148002625,-0.02790941298007965,-0.29811838269233704,0.0,-0.04671352356672287,0.9695799350738525,-0.24027618765830994,0.0,0.295755535364151,0.24317866563796997,0.9237926006317139,0.0,-0.0035555267240852118,0.026011241599917412,0.029609646648168564,1.0],"resolution":[720,540],"sequence":24,"timestamp":1695122668.283,"tracking":2,"trackingReason":0},{"exposure":0.0,"image":"frame_00000025.jpg","intrinsics":[548.0982055664063,548.0982055664063,359.98358154296875,257.4844055175781,0.0],"location":{"altitude":112.94991302490234,"altitudeAccuracy":6.3290510177612305,"heading":347.7222900390625,"headingAccuracy":6.0490946769714355,"headingTimestamp":1695122663000.0,"latitude":51.447479248046875,"longitude":7.034723281860352,"positionAccuracy":6.0490946769714355,"positionSource":"corelocation","positionTimestamp":1695122663000.0},"pose":[-0.0024307891726493835,0.025888197124004364,0.02722780406475067,-0.12287144362926483,0.14847558736801147,0.005628465674817562,0.9812369346618652],"pose4x4":[0.9558466672897339,-0.02544110268354416,-0.2927626073360443,0.0,-0.04753253608942032,0.9697418808937073,-0.23946061730384827,0.0,0.28999629616737366,0.24280336499214172,0.9257152080535889,0.0,-0.0024307891726493835,0.025888197124004364,0.02722780406475067,1.0],"resolution":[720,540],"sequence":25,"timestamp":1695122668.366,"tracking":2,"trackingReason":0},{"exposure":0.0,"image":"frame_00000026.jpg","intrinsics":[548.31787109375,548.31787109375,360.0516662597656,257.49725341796875,0.0],"location":{"altitude":112.94991302490234,"altitudeAccuracy":6.3290510177612305,"heading":347.7222900390625,"headingAccuracy":6.0490946769714355,"headingTimestamp":1695122663000.0,"latitude":51.447479248046875,"longitude":7.034723281860352,"positionAccuracy":6.0490946769714355,"positionSource":"corelocation","positionTimestamp":1695122663000.0},"pose":[-0.002584002912044525,0.026157788932323456,0.024543944746255875,-0.12238632887601852,0.14457665383815765,0.005606609396636486,0.981879711151123],"pose4x4":[0.9581323266029358,-0.024378377944231033,-0.2852860987186432,0.0,-0.04639844223856926,0.9699802994728088,-0.23871614038944244,0.0,0.282541424036026,0.24195848405361176,0.9282383322715759,0.0,-0.002584002912044525,0.026157788932323456,0.024543944746255875,1.0],"resolution":[720,540],"sequence":26,"timestamp":1695122668.45,"tracking":2,"trackingReason":0},{"exposure":0.0,"image":"frame_00000027.jpg","intrinsics":[548.0982055664063,548.0982055664063,360.06085205078125,257.54010009765625,0.0],"location":{"altitude":112.94991302490234,"altitudeAccuracy":6.3290510177612305,"heading":347.7222900390625,"headingAccuracy":6.0490946769714355,"headingTimestamp":1695122663000.0,"latitude":51.447479248046875,"longitude":7.034723281860352,"positionAccuracy":6.0490946769714355,"positionSource":"corelocation","positionTimestamp":1695122663000.0},"pose":[-0.0022255778312683105,0.02501285821199417,0.02248404547572136,-0.12130313366651535,0.13912516832351685,0.005737759172916412,0.9828004837036133],"pose4x4":[0.9612225294113159,-0.022474493831396103,-0.2748565673828125,0.0,-0.045030783861875534,0.9705052375793457,-0.2368370145559311,0.0,0.27207255363464355,0.24003009498119354,0.9318594932556152,0.0,-0.0022255778312683105,0.02501285821199417,0.02248404547572136,1.0],"resolution":[720,540],"sequence":27,"timestamp":1695122668.533,"tracking":2,"trackingReason":0},{"exposure":0.0,"image":"frame_00000028.jpg","intrinsics":[548.31787109375,548.31787109375,360.0635986328125,257.5058288574219,0.0],"location":{"altitude":112.94991302490234,"altitudeAccuracy":6.3290510177612305,"heading":347.7222900390625,"headingAccuracy":6.0490946769714355,"headingTimestamp":1695122663000.0,"latitude":51.447479248046875,"longitude":7.034723281860352,"positionAccuracy":6.0490946769714355,"positionSource":"corelocation","positionTimestamp":1695122663000.0},"pose":[0.0005210116505622864,0.02383141964673996,0.01980922743678093,-0.12004916369915009,0.13203245401382446,0.005867566913366318,0.9839314818382263],"pose4x4":[0.9650660157203674,-0.020154204219579697,-0.26123055815696716,0.0,-0.04324733838438988,0.971107542514801,-0.23469087481498718,0.0,0.2584129869937897,0.23778972029685974,0.9363112449645996,0.0,0.0005210116505622864,0.02383141964673996,0.01980922743678093,1.0],"resolution":[720,540],"sequence":28,"timestamp":1695122668.616,"tracking":2,"trackingReason":0},{"exposure":0.0,"image":"frame_00000029.jpg","intrinsics":[548.0982055664063,548.0982055664063,360.0127868652344,257.4844055175781,0.0],"location":{"altitude":112.94991302490234,"altitudeAccuracy":6.3290510177612305,"heading":347.7222900390625,"headingAccuracy":6.0490946769714355,"headingTimestamp":1695122663000.0,"latitude":51.447479248046875,"longitude":7.034723281860352,"positionAccuracy":6.0490946769714355,"positionSource":"corelocation","positionTimestamp":1695122663000.0},"pose":[0.00439877063035965,0.023113392293453217,0.017125949263572693,-0.11753542721271515,0.11987043172121048,0.005518229678273201,0.9857921004295349],"pose4x4":[0.9712012410163879,-0.017298391088843346,-0.23763182759284973,0.0,-0.03905770182609558,0.972309947013855,-0.23040805757045746,0.0,0.23503747582435608,0.23305393755435944,0.9436330199241638,0.0,0.00439877063035965,0.023113392293453217,0.017125949263572693,1.0],"resolution":[720,540],"sequence":29,"timestamp":1695122668.7,"tracking":2,"trackingReason":0},{"exposure":0.0,"image":"frame_00000030.jpg","intrinsics":[548.31787109375,548.31787109375,360.05584716796875,257.4929504394531,0.0],"location":{"altitude":112.94991302490234,"altitudeAccuracy":6.3290510177612305,"heading":347.7222900390625,"headingAccuracy":6.0490946769714355,"headingTimestamp":1695122663000.0,"latitude":51.447479248046875,"longitude":7.034723281860352,"positionAccuracy":6.0490946769714355,"positionSource":"corelocation","positionTimestamp":1695122663000.0},"pose":[0.00633683055639267,0.021891377866268158,0.01811056211590767,-0.11471442878246307,0.11282914131879807,0.004189232364296913,0.986961305141449],"pose4x4":[0.9745040535926819,-0.017617041245102882,-0.2236771136522293,0.0,-0.034155480563640594,0.9736461043357849,-0.22549207508563995,0.0,0.22175486385822296,0.22738273441791534,0.9482203722000122,0.0,0.00633683055639267,0.021891377866268158,0.01811056211590767,1.0],"resolution":[720,540],"sequence":30,"timestamp":1695122668.783,"tracking":2,"trackingReason":0},{"exposure":0.0,"image":"frame_00000031.jpg","intrinsics":[548.31787109375,548.31787109375,360.04296875,257.5143737792969,0.0],"location":{"altitude":112.94991302490234,"altitudeAccuracy":6.3290510177612305,"heading":347.7222900390625,"headingAccuracy":6.0490946769714355,"headingTimestamp":1695122663000.0,"latitude":51.447479248046875,"longitude":7.034723281860352,"positionAccuracy":6.0490946769714355,"positionSource":"corelocation","positionTimestamp":1695122663000.0},"pose":[0.005365694407373667,0.02155998907983303,0.01825285330414772,-0.11270469427108765,0.1060858890414238,0.0026358095929026604,0.9879456162452698],"pose4x4":[0.9774776697158813,-0.01870468258857727,-0.21020831167697906,0.0,-0.029120828956365585,0.9745814204216003,-0.22213298082351685,0.0,0.20902003347873688,0.22325146198272705,0.952086865901947,0.0,0.005365694407373667,0.02155998907983303,0.01825285330414772,1.0],"resolution":[720,540],"sequence":31,"timestamp":1695122668.866,"tracking":2,"trackingReason":0},{"exposure":0.0,"image":"frame_00000032.jpg","intrinsics":[548.5375366210938,548.5375366210938,360.02301025390625,257.47369384765625,0.0],"location":{"altitude":112.94991302490234,"altitudeAccuracy":6.3290510177612305,"heading":347.7222900390625,"headingAccuracy":6.0490946769714355,"headingTimestamp":1695122663000.0,"latitude":51.447479248046875,"longitude":7.034723281860352,"positionAccuracy":6.0490946769714355,"positionSource":"corelocation","positionTimestamp":1695122663000.0},"pose":[0.005525186657905579,0.02139464020729065,0.01814572513103485,-0.11078758537769318,0.09849151223897934,0.0007458507898263633,0.9889514446258545],"pose4x4":[0.980597734451294,-0.02034805342555046,-0.19497191905975342,0.0,-0.023298494517803192,0.9754511117935181,-0.21898016333580017,0.0,0.1946413815021515,0.21927401423454285,0.9560510516166687,0.0,0.005525186657905579,0.02139464020729065,0.01814572513103485,1.0],"resolution":[720,540],"sequence":32,"timestamp":1695122668.949,"tracking":2,"trackingReason":0},{"exposure":0.0,"image":"frame_00000033.jpg","intrinsics":[548.0982055664063,548.0982055664063,359.9941101074219,257.45941162109375,0.0],"location":{"altitude":112.94991302490234,"altitudeAccuracy":6.3290510177612305,"heading":347.7222900390625,"headingAccuracy":6.0490946769714355,"headingTimestamp":1695122663000.0,"latitude":51.447479248046875,"longitude":7.034723281860352,"positionAccuracy":6.0490946769714355,"positionSource":"corelocation","positionTimestamp":1695122663000.0},"pose":[0.004593763034790754,0.02092701569199562,0.016553182154893875,-0.10947249829769135,0.08745293319225311,0.0008591156220063567,0.9901348352432251],"pose4x4":[0.984702467918396,-0.01744610257446766,-0.17336848378181458,0.0,-0.02084866352379322,0.9760300517082214,-0.2166348099708557,0.0,0.1729922890663147,0.21693533658981323,0.9607354998588562,0.0,0.004593763034790754,0.02092701569199562,0.016553182154893875,1.0],"resolution":[720,540],"sequence":33,"timestamp":1695122669.049,"tracking":2,"trackingReason":0},{"exposure":0.0,"image":"frame_00000034.jpg","intrinsics":[548.0982055664063,548.0982055664063,359.9384460449219,257.4715270996094,0.0],"location":{"altitude":112.94991302490234,"altitudeAccuracy":6.3290510177612305,"heading":347.7222900390625,"headingAccuracy":6.0490946769714355,"headingTimestamp":1695122663000.0,"latitude":51.447479248046875,"longitude":7.034723281860352,"positionAccuracy":6.0490946769714355,"positionSource":"corelocation","positionTimestamp":1695122663000.0},"pose":[0.003172069787979126,0.020522430539131165,0.017153192311525345,-0.10887797176837921,0.07898153364658356,0.0010661378037184477,0.9909119009971619],"pose4x4":[0.9875215888023376,-0.015085801482200623,-0.15675964951515198,0.0,-0.01931159570813179,0.976288914680481,-0.21560853719711304,0.0,0.15629532933235168,0.21594536304473877,0.9638150334358215,0.0,0.003172069787979126,0.020522430539131165,0.017153192311525345,1.0],"resolution":[720,540],"sequence":34,"timestamp":1695122669.133,"tracking":2,"trackingReason":0},{"exposure":0.0,"image":"frame_00000035.jpg","intrinsics":[548.31787109375,548.31787109375,359.9469299316406,257.45440673828125,0.0],"location":{"altitude":112.94991302490234,"altitudeAccuracy":6.3290510177612305,"heading":347.7222900390625,"headingAccuracy":6.0490946769714355,"headingTimestamp":1695122663000.0,"latitude":51.447479248046875,"longitude":7.034723281860352,"positionAccuracy":6.0490946769714355,"positionSource":"corelocation","positionTimestamp":1695122663000.0},"pose":[0.0011704968055710196,0.020690571516752243,0.01847483590245247,-0.10896780341863632,0.07164551317691803,0.0001690538483671844,0.9914599657058716],"pose4x4":[0.9897337555885315,-0.015278887934982777,-0.1421041488647461,0.0,-0.015949327498674393,0.9762519598007202,-0.2160501927137375,0.0,0.1420304775238037,0.21609865128993988,0.965985894203186,0.0,0.0011704968055710196,0.020690571516752243,0.01847483590245247,1.0],"resolution":[720,540],"sequence":35,"timestamp":1695122669.216,"tracking":2,"trackingReason":0},{"exposure":0.0,"image":"frame_00000036.jpg","intrinsics":[548.0982055664063,548.0982055664063,359.9256896972656,257.49139404296875,0.0],"location":{"altitude":112.94991302490234,"altitudeAccuracy":6.3290510177612305,"heading":347.7222900390625,"headingAccuracy":6.0490946769714355,"headingTimestamp":1695122663000.0,"latitude":51.447479248046875,"longitude":7.034723281860352,"positionAccuracy":6.0490946769714355,"positionSource":"corelocation","positionTimestamp":1695122663000.0},"pose":[-0.0017212778329849243,0.021135829389095306,0.020085621625185013,-0.10933461785316467,0.06561236083507538,-0.000910054484847933,0.9918367266654968],"pose4x4":[0.9913883805274963,-0.016152655705809593,-0.1299544870853424,0.0,-0.012542154639959335,0.9760902523994446,-0.21700359880924225,0.0,0.13035249710083008,0.21676476299762726,0.9674819111824036,0.0,-0.0017212778329849243,0.021135829389095306,0.020085621625185013,1.0],"resolution":[720,540],"sequence":36,"timestamp":1695122669.299,"tracking":2,"trackingReason":0},{"exposure":0.0,"image":"frame_00000037.jpg","intrinsics":[548.31787109375,548.31787109375,359.9171142578125,257.5012512207031,0.0],"location":{"altitude":112.94991302490234,"altitudeAccuracy":6.3290510177612305,"heading":347.7222900390625,"headingAccuracy":6.0490946769714355,"headingTimestamp":1695122663000.0,"latitude":51.447479248046875,"longitude":7.034723281860352,"positionAccuracy":6.0490946769714355,"positionSource":"corelocation","positionTimestamp":1695122663000.0},"pose":[-0.005089928861707449,0.021301062777638435,0.020963741466403008,-0.1085783913731575,0.057600341737270355,-0.001764560816809535,0.9924161434173584],"pose4x4":[0.9933581948280334,-0.01601066254079342,-0.11394383758306503,0.0,-0.009005947038531303,0.97641521692276,-0.21571317315101624,0.0,0.11471020430326462,0.2153066098690033,0.9697858691215515,0.0,-0.005089928861707449,0.021301062777638435,0.020963741466403008,1.0],"resolution":[720,540],"sequence":37,"timestamp":1695122669.383,"tracking":2,"trackingReason":0},{"exposure":0.0,"image":"frame_00000038.jpg","intrinsics":[548.0982055664063,548.0982055664063,359.92559814453125,257.4757080078125,0.0],"location":{"altitude":112.94991302490234,"altitudeAccuracy":6.3290510177612305,"heading":347.7222900390625,"headingAccuracy":6.0490946769714355,"headingTimestamp":1695122663000.0,"latitude":51.447479248046875,"longitude":7.034723281860352,"positionAccuracy":6.0490946769714355,"positionSource":"corelocation","positionTimestamp":1695122663000.0},"pose":[-0.006862652953714132,0.022242369130253792,0.02192496322095394,-0.10914095491170883,0.05002530291676521,-0.0029512664768844843,0.9927623271942139],"pose4x4":[0.9949775338172913,-0.016779430210590363,-0.09868226200342178,0.0,-0.005059806164354086,0.9761590957641602,-0.21699734032154083,0.0,0.09997067600488663,0.21640677750110626,0.9711714386940002,0.0,-0.006862652953714132,0.022242369130253792,0.02192496322095394,1.0],"resolution":[720,540],"sequence":38,"timestamp":1695122669.466,"tracking":2,"trackingReason":0},{"exposure":0.0,"image":"frame_00000039.jpg","intrinsics":[548.0982055664063,548.0982055664063,359.9078674316406,257.4501037597656,0.0],"location":{"altitude":112.94991302490234,"altitudeAccuracy":6.3290510177612305,"heading":347.7222900390625,"headingAccuracy":6.0490946769714355,"headingTimestamp":1695122663000.0,"latitude":51.447479248046875,"longitude":7.034723281860352,"positionAccuracy":6.0490946769714355,"positionSource":"corelocation","positionTimestamp":1695122663000.0},"pose":[-0.007489241659641266,0.02276252955198288,0.02214866131544113,-0.1100136935710907,0.041817691177129745,-0.004218326881527901,0.9930410385131836],"pose4x4":[0.