{"app":"com.DefaultCompany.Tutorial-Series-ARDK3-Meshing-AliveStudios","autofocus":1,"captureGroup":{"sequence":0,"uuid":"018aeb52-719f-7009-80ea-3bf70000ffff"},"coordinates":"opengl","depthSource":"none","duration":38.705,"formatVersion":"1","frameCount":438,"framerate":11.290530939155149,"frames":[{"exposure":0.0,"image":"frame_00000000.jpg","intrinsics":[548.31787109375,548.31787109375,351.7381286621094,268.549560546875,0.0],"location":{"altitude":112.51773071289063,"altitudeAccuracy":1.7891985177993774,"heading":94.57958984375,"headingAccuracy":5.631765365600586,"headingTimestamp":1696165158000.0,"latitude":51.446983337402344,"longitude":7.034748554229736,"positionAccuracy":5.631765365600586,"positionSource":"corelocation","positionTimestamp":1696165158000.0},"pose":[0.0024407580494880676,-0.004498250782489777,-0.0058730244636535645,-0.22726701200008392,-0.2486758828163147,-0.6763834953308105,0.654992401599884],"pose4x4":[-0.03866863250732422,-0.7730204463005066,0.6332008838653564,0.0,0.9990836977958679,-0.018289923667907715,0.03868421912193298,0.0,-0.01832231879234314,0.6341168880462646,0.7730200290679932,0.0,0.0024407580494880676,-0.004498250782489777,-0.0058730244636535645,1.0],"resolution":[720,540],"sequence":0,"timestamp":1696165163.0,"tracking":2,"trackingReason":0},{"exposure":0.0,"image":"frame_00000001.jpg","intrinsics":[548.0982055664063,548.0982055664063,351.6535339355469,268.6861572265625,0.0],"location":{"altitude":112.51773071289063,"altitudeAccuracy":1.7891985177993774,"heading":94.57958984375,"headingAccuracy":5.631765365600586,"headingTimestamp":1696165158000.0,"latitude":51.446983337402344,"longitude":7.034748554229736,"positionAccuracy":5.631765365600586,"positionSource":"corelocation","positionTimestamp":1696165158000.0},"pose":[0.001936720684170723,-0.0048929303884506226,-0.005598239600658417,-0.22793802618980408,-0.24777856469154358,-0.6761419177055359,0.6553480625152588],"pose4x4":[-0.03712427616119385,-0.773260235786438,0.6329993009567261,0.0,0.9991729259490967,-0.018247246742248535,0.03630945086479187,0.0,-0.0165255069732666,0.6338244676589966,0.773300051689148,0.0,0.001936720684170723,-0.0048929303884506226,-0.005598239600658417,1.0],"resolution":[720,540],"sequence":1,"timestamp":1696165163.1,"tracking":2,"trackingReason":0},{"exposure":0.0,"image":"frame_00000002.jpg","intrinsics":[548.5375366210938,548.5375366210938,351.7164001464844,268.5452575683594,0.0],"location":{"altitude":112.51773071289063,"altitudeAccuracy":1.7891985177993774,"heading":94.57958984375,"headingAccuracy":5.631765365600586,"headingTimestamp":1696165158000.0,"latitude":51.446983337402344,"longitude":7.034748554229736,"positionAccuracy":5.631765365600586,"positionSource":"corelocation","positionTimestamp":1696165158000.0},"pose":[0.0016086180694401264,-0.005125205498188734,-0.0047112698666751385,-0.22796882688999176,-0.2479594647884369,-0.6759800910949707,0.6554363965988159],"pose4x4":[-0.036865949630737305,-0.7730698585510254,0.6332480907440186,0.0,0.9991779327392578,-0.0178377628326416,0.036393195390701294,0.0,-0.016838550567626953,0.6340694427490234,0.7730926275253296,0.0,0.0016086180694401264,-0.005125205498188734,-0.0047112698666751385,1.0],"resolution":[720,540],"sequence":2,"timestamp":1696165163.2,"tracking":2,"trackingReason":0},{"exposure":0.0,"image":"frame_00000003.jpg","intrinsics":[548.0982055664063,548.0982055664063,351.72576904296875,268.57098388671875,0.0],"location":{"altitude":112.51773071289063,"altitudeAccuracy":1.7891985177993774,"heading":94.57958984375,"headingAccuracy":5.631765365600586,"headingTimestamp":1696165158000.0,"latitude":51.446983337402344,"longitude":7.034748554229736,"positionAccuracy":5.631765365600586,"positionSource":"corelocation","positionTimestamp":1696165158000.0},"pose":[0.0008378694765269756,-0.0051148938946425915,-0.004391043912619352,-0.22816917300224304,-0.24790947139263153,-0.6747996807098389,0.6566017270088196],"pose4x4":[-0.03362739086151123,-0.7730187177658081,0.6334925293922424,0.0,0.9992798566818237,-0.01483154296875,0.034945905208587646,0.0,-0.01761859655380249,0.634211003780365,0.7729594707489014,0.0,0.0008378694765269756,-0.0051148938946425915,-0.004391043912619352,1.0],"resolution":[720,540],"sequence":3,"timestamp":1696165163.3,"tracking":2,"trackingReason":0},{"exposure":0.0,"image":"frame_00000004.jpg","intrinsics":[548.0982055664063,548.0982055664063,351.69110107421875,268.57952880859375,0.0],"location":{"altitude":112.51773071289063,"altitudeAccuracy":1.7891985177993774,"heading":94.57958984375,"headingAccuracy":5.631765365600586,"headingTimestamp":1696165158000.0,"latitude":51.446983337402344,"longitude":7.034748554229736,"positionAccuracy":5.631765365600586,"positionSource":"corelocation","positionTimestamp":1696165158000.0},"pose":[0.0008381390944123268,-0.005291610956192017,-0.0038796812295913696,-0.22845029830932617,-0.2474232017993927,-0.6751272082328796,0.6563500165939331],"pose4x4":[-0.03402996063232422,-0.7731916904449463,0.6332584619522095,0.0,0.9992873668670654,-0.015972614288330078,0.03419756889343262,0.0,-0.016326427459716797,0.6339709758758545,0.7731844186782837,0.0,0.0008381390944123268,-0.005291610956192017,-0.0038796812295913696,1.0],"resolution":[720,540],"sequence":4,"timestamp":1696165163.4,"tracking":2,"trackingReason":0},{"exposure":0.0,"image":"frame_00000005.jpg","intrinsics":[548.0982055664063,548.0982055664063,351.734130859375,268.53668212890625,0.0],"location":{"altitude":112.51773071289063,"altitudeAccuracy":1.7891985177993774,"heading":94.57958984375,"headingAccuracy":5.631765365600586,"headingTimestamp":1696165158000.0,"latitude":51.446983337402344,"longitude":7.034748554229736,"positionAccuracy":5.631765365600586,"positionSource":"corelocation","positionTimestamp":1696165158000.0},"pose":[0.0008545666933059692,-0.005774751305580139,-0.003997392952442169,-0.22943618893623352,-0.2473801225423813,-0.6756167411804199,0.6555172801017761],"pose4x4":[-0.035309791564941406,-0.7722409963607788,0.6343457698822021,0.0,0.9992728233337402,-0.01819789409637451,0.03346952795982361,0.0,-0.014302045106887817,0.6350671052932739,0.7723242044448853,0.0,0.0008545666933059692,-0.005774751305580139,-0.003997392952442169,1.0],"resolution":[720,540],"sequence":5,"timestamp":1696165163.5,"tracking":2,"trackingReason":0},{"exposure":0.0,"image":"frame_00000006.jpg","intrinsics":[548.31787109375,548.31787109375,351.7335510253906,268.52813720703125,0.0],"location":{"altitude":112.51773071289063,"altitudeAccuracy":1.7891985177993774,"heading":94.57958984375,"headingAccuracy":5.631765365600586,"headingTimestamp":1696165158000.0,"latitude":51.446983337402344,"longitude":7.034748554229736,"positionAccuracy":5.631765365600586,"positionSource":"corelocation","positionTimestamp":1696165158000.0},"pose":[0.0008561285212635994,-0.005478851497173309,-0.004195023328065872,-0.22907273471355438,-0.24616889655590057,-0.6758995056152344,0.6558094620704651],"pose4x4":[-0.03487849235534668,-0.7737414240837097,0.6325401067733765,0.0,0.9993037581443787,-0.018628835678100586,0.03231474757194519,0.0,-0.013219505548477173,0.6332269906997681,0.7738531231880188,0.0,0.0008561285212635994,-0.005478851497173309,-0.004195023328065872,1.0],"resolution":[720,540],"sequence":6,"timestamp":1696165163.6,"tracking":2,"trackingReason":0},{"exposure":0.0,"image":"frame_00000007.jpg","intrinsics":[548.5375366210938,548.5375366210938,351.7041931152344,268.490966796875,0.0],"location":{"altitude":112.51773071289063,"altitudeAccuracy":1.7891985177993774,"heading":94.57958984375,"headingAccuracy":5.631765365600586,"headingTimestamp":1696165158000.0,"latitude":51.446983337402344,"longitude":7.034748554229736,"positionAccuracy":5.631765365600586,"positionSource":"corelocation","positionTimestamp":1696165158000.0},"pose":[0.00039566773921251297,-0.005271025002002716,-0.00452827662229538,-0.2289743274450302,-0.24554766714572906,-0.6752601861953735,0.6567346453666687],"pose4x4":[-0.032539963722229004,-0.7744852900505066,0.6317538022994995,0.0,0.9993817210197449,-0.016811132431030273,0.030866354703903198,0.0,-0.013284832239151001,0.6323678493499756,0.7745541930198669,0.0,0.00039566773921251297,-0.005271025002002716,-0.00452827662229538,1.0],"resolution":[720,540],"sequence":7,"timestamp":1696165163.7,"tracking":2,"trackingReason":0},{"exposure":0.0,"image":"frame_00000008.jpg","intrinsics":[548.31787109375,548.31787109375,351.6974792480469,268.53350830078125,0.0],"location":{"altitude":112.51773071289063,"altitudeAccuracy":1.7891985177993774,"heading":94.57958984375,"headingAccuracy":5.631765365600586,"headingTimestamp":1696165158000.0,"latitude":51.446983337402344,"longitude":7.034748554229736,"positionAccuracy":5.631765365600586,"positionSource":"corelocation","positionTimestamp":1696165158000.0},"pose":[0.00023272167891263962,-0.005143545567989349,-0.004640914499759674,-0.2287578135728836,-0.24532654881477356,-0.6747308373451233,0.657436728477478],"pose4x4":[-0.030893683433532715,-0.7749449610710144,0.6312732696533203,0.0,0.9994264245033264,-0.015183687210083008,0.030271202325820923,0.0,-0.013873457908630371,0.6318463087081909,0.7749694585800171,0.0,0.00023272167891263962,-0.005143545567989349,-0.004640914499759674,1.0],"resolution":[720,540],"sequence":8,"timestamp":1696165163.8,"tracking":2,"trackingReason":0},{"exposure":0.0,"image":"frame_00000009.jpg","intrinsics":[548.31787109375,548.31787109375,351.72247314453125,268.50885009765625,0.0],"location":{"altitude":112.51773071289063,"altitudeAccuracy":1.7891985177993774,"heading":94.57958984375,"headingAccuracy":5.631765365600586,"headingTimestamp":1696165158000.0,"latitude":51.446983337402344,"longitude":7.034748554229736,"positionAccuracy":5.631765365600586,"positionSource":"corelocation","positionTimestamp":1696165158000.0},"pose":[0.00012431107461452484,-0.005078919231891632,-0.00427178293466568,-0.22821711003780365,-0.24497196078300476,-0.6746750473976135,0.6578130125999451],"pose4x4":[-0.03039538860321045,-0.7758064270019531,0.6302362680435181,0.0,0.9994336366653442,-0.014539003372192383,0.03030458092689514,0.0,-0.014346718788146973,0.6308013200759888,0.7758113741874695,0.0,0.00012431107461452484,-0.005078919231891632,-0.00427178293466568,1.0],"resolution":[720,540],"sequence":9,"timestamp":1696165163.9,"tracking":2,"trackingReason":0},{"exposure":0.0,"image":"frame_00000010.jpg","intrinsics":[548.0982055664063,548.0982055664063,351.69384765625,268.5301818847656,0.0],"location":{"altitude":112.51773071289063,"altitudeAccuracy":1.7891985177993774,"heading":94.57958984375,"headingAccuracy":5.631765365600586,"headingTimestamp":1696165158000.0,"latitude":51.446983337402344,"longitude":7.034748554229736,"positionAccuracy":5.631765365600586,"positionSource":"corelocation","positionTimestamp":1696165158000.0},"pose":[0.0004090256989002228,-0.004711948335170746,-0.00396539643406868,-0.22779126465320587,-0.24442118406295776,-0.6748999953269958,0.6579354405403137],"pose4x4":[-0.030463457107543945,-0.7767271995544434,0.6290993690490723,0.0,0.999435305595398,-0.014757752418518066,0.030175834894180298,0.0,-0.01415407657623291,0.6296635866165161,0.7767388820648193,0.0,0.0004090256989002228,-0.004711948335170746,-0.00396539643406868,1.0],"resolution":[720,540],"sequence":10,"timestamp":1696165164.0,"tracking":2,"trackingReason":0},{"exposure":0.0,"image":"frame_00000011.jpg","intrinsics":[548.0982055664063,548.0982055664063,351.6944580078125,268.5238342285156,0.0],"location":{"altitude":112.51773071289063,"altitudeAccuracy":1.7891985177993774,"heading":94.57958984375,"headingAccuracy":5.631765365600586,"headingTimestamp":1696165158000.0,"latitude":51.446983337402344,"longitude":7.034748554229736,"positionAccuracy":5.631765365600586,"positionSource":"corelocation","positionTimestamp":1696165158000.0},"pose":[0.0005476051010191441,-0.004764552693814039,-0.003722194116562605,-0.22722549736499786,-0.24414587020874023,-0.6748633980751038,0.6582714915275574],"pose4x4":[-0.030095577239990234,-0.7775343656539917,0.6281208992004395,0.0,0.999439001083374,-0.014144062995910645,0.030378073453903198,0.0,-0.014736205339431763,0.6286823749542236,0.7775227427482605,0.0,0.0005476051010191441,-0.004764552693814039,-0.003722194116562605,1.0],"resolution":[720,540],"sequence":11,"timestamp":1696165164.083,"tracking":2,"trackingReason":0},{"exposure":0.0,"image":"frame_00000012.jpg","intrinsics":[548.31787109375,548.31787109375,351.6984558105469,268.51068115234375,0.0],"location":{"altitude":112.51773071289063,"altitudeAccuracy":1.7891985177993774,"heading":94.57958984375,"headingAccuracy":5.631765365600586,"headingTimestamp":1696165158000.0,"latitude":51.446983337402344,"longitude":7.034748554229736,"positionAccuracy":5.631765365600586,"positionSource":"corelocation","positionTimestamp":1696165158000.0},"pose":[0.0007989266887307167,-0.004667125642299652,-0.0029219724237918854,-0.22633376717567444,-0.24365226924419403,-0.6750171780586243,0.6586040258407593],"pose4x4":[-0.03002917766571045,-0.7788445949554443,0.6264990568161011,0.0,0.9994314908981323,-0.013750314712524414,0.030810266733169556,0.0,-0.015382379293441772,0.6270675659179688,0.7788131833076477,0.0,0.0007989266887307167,-0.004667125642299652,-0.0029219724237918854,1.0],"resolution":[720,540],"sequence":12,"timestamp":1696165164.167,"tracking":2,"trackingReason":0},{"exposure":0.0,"image":"frame_00000013.jpg","intrinsics":[548.0982055664063,548.0982055664063,351.6930847167969,268.46600341796875,0.0],"location":{"altitude":112.51773071289063,"altitudeAccuracy":1.7891985177993774,"heading":94.57958984375,"headingAccuracy":5.631765365600586,"headingTimestamp":1696165158000.0,"latitude":51.446983337402344,"longitude":7.034748554229736,"positionAccuracy":5.631765365600586,"positionSource":"corelocation","positionTimestamp":1696165158000.0},"pose":[0.0010911114513874054,-0.004893690347671509,-0.0025503411889076233,-0.2265648990869522,-0.2436666339635849,-0.6751440167427063,0.6583888530731201],"pose4x4":[-0.030385732650756836,-0.7786020040512085,0.6267826557159424,0.0,0.9994271993637085,-0.014302253723144531,0.03068453073501587,0.0,-0.014926910400390625,0.6273557543754578,0.7785898447036743,0.0,0.0010911114513874054,-0.004893690347671509,-0.0025503411889076233,1.0],"resolution":[720,540],"sequence":13,"timestamp":1696165164.25,"tracking":2,"trackingReason":0},{"exposure":0.0,"image":"frame_00000014.jpg","intrinsics":[548.0982055664063,548.0982055664063,351.7119445800781,268.49810791015625,0.0],"location":{"altitude":112.51773071289063,"altitudeAccuracy":1.7891985177993774,"heading":94.57958984375,"headingAccuracy":5.631765365600586,"headingTimestamp":1696165158000.0,"latitude":51.446983337402344,"longitude":7.034748554229736,"positionAccuracy":5.631765365600586,"positionSource":"corelocation","positionTimestamp":1696165158000.0},"pose":[0.0013824598863720894,-0.005212187767028809,-0.002181209623813629,-0.22636756300926208,-0.2433156818151474,-0.6751454472541809,0.658584713935852],"pose4x4":[-0.03004777431488037,-0.7791233658790588,0.6261500120162964,0.0,0.999438464641571,-0.014127254486083984,0.030382513999938965,0.0,-0.014825910329818726,0.626711368560791,0.7791104316711426,0.0,0.0013824598863720894,-0.005212187767028809,-0.002181209623813629,1.0],"resolution":[720,540],"sequence":14,"timestamp":1696165164.333,"tracking":2,"trackingReason":0},{"exposure":0.0,"image":"frame_00000015.jpg","intrinsics":[548.31787109375,548.31787109375,351.6864318847656,268.5159912109375,0.0],"location":{"altitude":112.51773071289063,"altitudeAccuracy":1.7891985177993774,"heading":94.57958984375,"headingAccuracy":5.631765365600586,"headingTimestamp":1696165158000.0,"latitude":51.446983337402344,"longitude":7.034748554229736,"positionAccuracy":5.631765365600586,"positionSource":"corelocation","positionTimestamp":1696165158000.0},"pose":[0.0016847862862050533,-0.005362566094845533,-0.0014576570829376578,-0.22595061361789703,-0.2432475984096527,-0.675342321395874,0.6585512161254883],"pose4x4":[-0.030513286590576172,-0.7795711159706116,0.6255700588226318,0.0,0.9994189143180847,-0.014281868934631348,0.030950695276260376,0.0,-0.015193969011306763,0.6261508464813232,0.7795538902282715,0.0,0.0016847862862050533,-0.005362566094845533,-0.0014576570829376578,1.0],"resolution":[720,540],"sequence":15,"timestamp":1696165164.433,"tracking":2,"trackingReason":0},{"exposure":0.0,"image":"frame_00000016.jpg","intrinsics":[548.31787109375,548.31787109375,351.654052734375,268.5265197753906,0.0],"location":{"altitude":112.51773071289063,"altitudeAccuracy":1.7891985177993774,"heading":94.57958984375,"headingAccuracy":5.631765365600586,"headingTimestamp":1696165158000.0,"latitude":51.446983337402344,"longitude":7.034748554229736,"positionAccuracy":5.631765365600586,"positionSource":"corelocation","positionTimestamp":1696165158000.0},"pose":[0.001758292317390442,-0.005573667585849762,-0.0007129870355129242,-0.22638434171676636,-0.243374764919281,-0.6755072474479675,0.6581857204437256],"pose4x4":[-0.031082630157470703,-0.7790259718894958,0.6262201070785522,0.0,0.9994109272956848,-0.015119791030883789,0.030796945095062256,0.0,-0.014523059129714966,0.6268087029457092,0.7790377140045166,0.0,0.001758292317390442,-0.005573667585849762,-0.0007129870355129242,1.0],"resolution":[720,540],"sequence":16,"timestamp":1696165164.533,"tracking":2,"trackingReason":0},{"exposure":0.0,"image":"frame_00000017.jpg","intrinsics":[547.8785400390625,547.8785400390625,351.686279296875,268.501708984375,0.0],"location":{"altitude":112.51773071289063,"altitudeAccuracy":1.7891985177993774,"heading":94.57958984375,"headingAccuracy":5.631765365600586,"headingTimestamp":1696165158000.0,"latitude":51.446983337402344,"longitude":7.034748554229736,"positionAccuracy":5.631765365600586,"positionSource":"corelocation","positionTimestamp":1696165158000.0},"pose":[0.002326730638742447,-0.005211569368839264,0.00044354796409606934,-0.22634471952915192,-0.24303002655506134,-0.6757797002792358,0.6580473780632019],"pose4x4":[-0.03148365020751953,-0.7793729901313782,0.6257688999176025,0.0,0.9994072318077087,-0.01582026481628418,0.030578404664993286,0.0,-0.013932198286056519,0.6263606548309326,0.7794089317321777,0.0,0.002326730638742447,-0.005211569368839264,0.00044354796409606934,1.0],"resolution":[720,540],"sequence":17,"timestamp":1696165164.633,"tracking":2,"trackingReason":0},{"exposure":0.0,"image":"frame_00000018.jpg","intrinsics":[548.31787109375,548.31787109375,351.67938232421875,268.5302734375,0.0],"location":{"altitude":112.51773071289063,"altitudeAccuracy":1.7891985177993774,"heading":94.57958984375,"headingAccuracy":5.631765365600586,"headingTimestamp":1696165158000.0,"latitude":51.446983337402344,"longitude":7.034748554229736,"positionAccuracy":5.631765365600586,"positionSource":"corelocation","positionTimestamp":1696165158000.0},"pose":[0.002829110249876976,-0.005108565092086792,0.0014818869531154633,-0.22648903727531433,-0.24263130128383636,-0.6758854389190674,0.6580358743667603],"pose4x4":[-0.031382083892822266,-0.7796070575714111,0.6254814863204956,0.0,0.9994204044342041,-0.01623678207397461,0.029906094074249268,0.0,-0.013158917427062988,0.6260577440261841,0.7796655297279358,0.0,0.002829110249876976,-0.005108565092086792,0.0014818869531154633,1.0],"resolution":[720,540],"sequence":18,"timestamp":1696165164.733,"tracking":2,"trackingReason":0},{"exposure":0.0,"image":"frame_00000019.jpg","intrinsics":[548.0982055664063,548.0982055664063,351.6537170410156,268.49810791015625,0.0],"location":{"altitude":112.51773071289063,"altitudeAccuracy":1.7891985177993774,"heading":94.57958984375,"headingAccuracy":5.631765365600586,"headingTimestamp":1696165158000.0,"latitude":51.446983337402344,"longitude":7.034748554229736,"positionAccuracy":5.631765365600586,"positionSource":"corelocation","positionTimestamp":1696165158000.0},"pose":[0.0034243864938616753,-0.00497908890247345,0.002241693437099457,-0.22714775800704956,-0.24255362153053284,-0.6757493019104004,0.6579771637916565],"pose4x4":[-0.03093874454498291,-0.7790641784667969,0.6261793375015259,0.0,0.9994462728500366,-0.016466379165649414,0.028894811868667603,0.0,-0.012199610471725464,0.6267269849777222,0.7791432738304138,0.0,0.0034243864938616753,-0.00497908890247345,0.002241693437099457,1.0],"resolution":[720,540],"sequence":19,"timestamp":1696165164.833,"tracking":2,"trackingReason":0},{"exposure":0.0,"image":"frame_00000020.jpg","intrinsics":[548.0982055664063,548.0982055664063,351.69757080078125,268.54095458984375,0.0],"location":{"altitude":112.51773071289063,"altitudeAccuracy":1.7891985177993774,"heading":94.57958984375,"headingAccuracy":5.631765365600586,"headingTimestamp":1696165158000.0,"latitude":51.446983337402344,"longitude":7.034748554229736,"positionAccuracy":5.631765365600586,"positionSource":"corelocation","positionTimestamp":1696165158000.0},"pose":[0.004104980733245611,-0.004885311704128981,0.002944410312920809,-0.2275461107492447,-0.24199508130550385,-0.6756940484046936,0.6581028699874878],"pose4x4":[-0.030248165130615234,-0.779222309589386,0.6260184049606323,0.0,0.9994824528694153,-0.01667940616607666,0.02753177285194397,0.0,-0.01101219654083252,0.6265267133712769,0.7793222665786743,0.0,0.004104980733245611,-0.004885311704128981,0.002944410312920809,1.0],"resolution":[720,540],"sequence":20,"timestamp":1696165164.933,"tracking":2,"trackingReason":0},{"exposure":0.0,"image":"frame_00000021.jpg","intrinsics":[548.31787109375,548.31787109375,351.6504821777344,268.5301818847656,0.0],"location":{"altitude":112.51773071289063,"altitudeAccuracy":1.7891985177993774,"heading":94.57958984375,"headingAccuracy":5.631765365600586,"headingTimestamp":1696165158000.0,"latitude":51.446983337402344,"longitude":7.034748554229736,"positionAccuracy":5.631765365600586,"positionSource":"corelocation","positionTimestamp":1696165158000.0},"pose":[0.004155860282480717,-0.004862084984779358,0.0036223120987415314,-0.22794607281684875,-0.2412712723016739,-0.675731360912323,0.6581911444664001],"pose4x4":[-0.02964937686920166,-0.7795271277427673,0.6256658434867859,0.0,0.9995145201683044,-0.01714456081390381,0.026004940271377563,0.0,-0.009544610977172852,0.6261333227157593,0.7796575427055359,0.0,0.004155860282480717,-0.004862084984779358,0.0036223120987415314,1.0],"resolution":[720,540],"sequence":21,"timestamp":1696165165.033,"tracking":2,"trackingReason":0},{"exposure":0.0,"image":"frame_00000022.jpg","intrinsics":[547.8785400390625,547.8785400390625,351.6905822753906,268.51953125,0.0],"location":{"altitude":112.51773071289063,"altitudeAccuracy":1.7891985177993774,"heading":94.57958984375,"headingAccuracy":5.631765365600586,"headingTimestamp":1696165158000.0,"latitude":51.446983337402344,"longitude":7.034748554229736,"positionAccuracy":5.631765365600586,"positionSource":"corelocation","positionTimestamp":1696165158000.0},"pose":[0.00396553473547101,-0.0051167490892112255,0.0034856912679970264,-0.22878016531467438,-0.24125640094280243,-0.6755850315093994,0.6580581068992615],"pose4x4":[-0.029239654541015625,-0.7787590622901917,0.6266423463821411,0.0,0.9995377659797668,-0.01751101016998291,0.02487713098526001,0.0,-0.008400529623031616,0.6270797252655029,0.7789099812507629,0.0,0.00396553473547101,-0.0051167490892112255,0.0034856912679970264,1.0],"resolution":[720,540],"sequence":22,"timestamp":1696165165.116,"tracking":2,"trackingReason":0},{"exposure":0.0,"image":"frame_00000023.jpg","intrinsics":[548.0982055664063,548.0982055664063,351.6814270019531,268.51953125,0.0],"location":{"altitude":112.51773071289063,"altitudeAccuracy":1.7891985177993774,"heading":94.57958984375,"headingAccuracy":5.631765365600586,"headingTimestamp":1696165158000.0,"latitude":51.446983337402344,"longitude":7.034748554229736,"positionAccuracy":5.631765365600586,"positionSource":"corelocation","positionTimestamp":1696165158000.0},"pose":[0.003727938514202833,-0.0052095684222877026,0.0044739437289536,-0.22884361445903778,-0.24105514585971832,-0.6753108501434326,0.6583900451660156],"pose4x4":[-0.028304576873779297,-0.7789080142974854,0.626497745513916,0.0,0.9995636940002441,-0.016828298568725586,0.024237602949142456,0.0,-0.008335471153259277,0.6269110441207886,0.7790460586547852,0.0,0.003727938514202833,-0.0052095684222877026,0.0044739437289536,1.0],"resolution":[720,540],"sequence":23,"timestamp":1696165165.2,"tracking":2,"trackingReason":0},{"exposure":0.0,"image":"frame_00000024.jpg","intrinsics":[548.0982055664063,548.0982055664063,351.67254638671875,268.5024108886719,0.0],"location":{"altitude":112.51773071289063,"altitudeAccuracy":1.7891985177993774,"heading":94.57958984375,"headingAccuracy":5.631765365600586,"headingTimestamp":1696165158000.0,"latitude":51.446983337402344,"longitude":7.034748554229736,"positionAccuracy":5.631765365600586,"positionSource":"corelocation","positionTimestamp":1696165158000.0},"pose":[0.003946355544030666,-0.005808025598526001,0.004965841770172119,-0.22873815894126892,-0.24134474992752075,-0.6754408478736877,0.6581868529319763],"pose4x4":[-0.02893519401550293,-0.7787230610847473,0.6266980767250061,0.0,0.9995420575141907,-0.017082929611206055,0.02492329478263855,0.0,-0.008701682090759277,0.6271331310272217,0.7788631319999695,0.0,0.003946355544030666,-0.005808025598526001,0.004965841770172119,1.0],"resolution":[720,540],"sequence":24,"timestamp":1696165165.283,"tracking":2,"trackingReason":0},{"exposure":0.0,"image":"frame_00000025.jpg","intrinsics":[548.0982055664063,548.0982055664063,351.6898498535156,268.4766845703125,0.0],"location":{"altitude":112.51773071289063,"altitudeAccuracy":1.7891985177993774,"heading":94.57958984375,"headingAccuracy":5.631765365600586,"headingTimestamp":1696165158000.0,"latitude":51.446983337402344,"longitude":7.034748554229736,"positionAccuracy":5.631765365600586,"positionSource":"corelocation","positionTimestamp":1696165158000.0},"pose":[0.004133305512368679,-0.0062911659479141235,0.005292482674121857,-0.22900697588920593,-0.24191805720329285,-0.6753794550895691,0.6579471826553345],"pose4x4":[-0.029323577880859375,-0.7779262065887451,0.6276718378067017,0.0,0.9995298385620117,-0.01716327667236328,0.02542397379875183,0.0,-0.00900539755821228,0.6281219720840454,0.7780629396438599,0.0,0.004133305512368679,-0.0062911659479141235,0.005292482674121857,1.0],"resolution":[720,540],"sequence":25,"timestamp":1696165165.366,"tracking":2,"trackingReason":0},{"exposure":0.0,"image":"frame_00000026.jpg","intrinsics":[548.0982055664063,548.0982055664063,351.66162109375,268.55523681640625,0.0],"location":{"altitude":112.51773071289063,"altitudeAccuracy":1.7891985177993774,"heading":94.57958984375,"headingAccuracy":5.631765365600586,"headingTimestamp":1696165158000.0,"latitude":51.446983337402344,"longitude":7.034748554229736,"positionAccuracy":5.631765365600586,"positionSource":"corelocation","positionTimestamp":1696165158000.0},"pose":[0.004419513046741486,-0.00667928159236908,0.005814235657453537,-0.22881095111370087,-0.24214810132980347,-0.6755959391593933,0.6577081084251404],"pose4x4":[-0.030131101608276367,-0.7778775691986084,0.6276930570602417,0.0,0.9995021820068359,-0.017568588256835938,0.026206910610198975,0.0,-0.009358048439025879,0.6281701922416687,0.7780196666717529,0.0,0.004419513046741486,-0.00667928159236908,0.005814235657453537,1.0],"resolution":[720,540],"sequence":26,"timestamp":1696165165.466,"tracking":2,"trackingReason":0},{"exposure":0.0,"image":"frame_00000027.jpg","intrinsics":[548.0982055664063,548.0982055664063,351.6582946777344,268.5801696777344,0.0],"location":{"altitude":112.51773071289063,"altitudeAccuracy":1.7891985177993774,"heading":94.57958984375,"headingAccuracy":5.631765365600586,"headingTimestamp":1696165158000.0,"latitude":51.446983337402344,"longitude":7.034748554229736,"positionAccuracy":5.631765365600586,"positionSource":"corelocation","positionTimestamp":1696165158000.0},"pose":[0.003991510719060898,-0.007204130291938782,0.005968149751424789,-0.22878199815750122,-0.24231289327144623,-0.6754884123802185,0.657767653465271],"pose4x4":[-0.03000020980834961,-0.7777552008628845,0.6278502941131592,0.0,0.9995024800300598,-0.01725161075592041,0.026388317346572876,0.0,-0.009691983461380005,0.628329873085022,0.7778865098953247,0.0,0.003991510719060898,-0.007204130291938782,0.005968149751424789,1.0],"resolution":[720,540],"sequence":27,"timestamp":1696165165.566,"tracking":2,"trackingReason":0},{"exposure":0.0,"image":"frame_00000028.jpg","intrinsics":[548.31787109375,548.31787109375,351.6871032714844,268.5658874511719,0.0],"location":{"altitude":112.51773071289063,"altitudeAccuracy":1.7891985177993774,"heading":94.57958984375,"headingAccuracy":5.631765365600586,"headingTimestamp":1696165158000.0,"latitude":51.446983337402344,"longitude":7.034748554229736,"positionAccuracy":5.631765365600586,"positionSource":"corelocation","positionTimestamp":1696165158000.0},"pose":[0.0037645362317562103,-0.007106475532054901,0.006016060709953308,-0.2291964739561081,-0.24213644862174988,-0.6753522753715515,0.6578277945518494],"pose4x4":[-0.02946150302886963,-0.7775373458862305,0.6281448602676392,0.0,0.9995245933532715,-0.017263412475585938,0.025511175394058228,0.0,-0.008991450071334839,0.6285984516143799,0.7776778340339661,0.0,0.0037645362317562103,-0.007106475532054901,0.006016060709953308,1.0],"resolution":[720,540],"sequence":28,"timestamp":1696165165.666,"tracking":2,"trackingReason":0},{"exposure":0.0,"image":"frame_00000029.jpg","intrinsics":[548.31787109375,548.31787109375,351.685302734375,268.4809875488281,0.0],"location":{"altitude":112.51773071289063,"altitudeAccuracy":1.7891985177993774,"heading":94.57958984375,"headingAccuracy":5.631765365600586,"headingTimestamp":1696165158000.0,"latitude":51.446983337402344,"longitude":7.034748554229736,"positionAccuracy":5.631765365600586,"positionSource":"corelocation","positionTimestamp":1696165158000.0},"pose":[0.003265075385570526,-0.007255248725414276,0.005674056708812714,-0.2299444079399109,-0.24228115379810333,-0.6752017140388489,0.6576686501502991],"pose4x4":[-0.029195070266723633,-0.7766956090927124,0.6291991472244263,0.0,0.9995404481887817,-0.017543554306030273,0.024722814559936523,0.0,-0.00816372036933899,0.629631757736206,0.7768508195877075,0.0,0.003265075385570526,-0.007255248725414276,0.005674056708812714,1.0],"resolution":[720,540],"sequence":29,"timestamp":1696165165.766,"tracking":2,"trackingReason":0},{"exposure":0.0,"image":"frame_00000030.jpg","intrinsics":[548.31787109375,548.31787109375,351.69366455078125,268.5159912109375,0.0],"location":{"altitude":112.51773071289063,"altitudeAccuracy":1.7891985177993774,"heading":94.57958984375,"headingAccuracy":5.631765365600586,"headingTimestamp":1696165158000.0,"latitude":51.446983337402344,"longitude":7.034748554229736,"positionAccuracy":5.631765365600586,"positionSource":"corelocation","positionTimestamp":1696165158000.0},"pose":[0.00298954825848341,-0.007351510226726532,0.0050637684762477875,-0.23044852912425995,-0.24246743321418762,-0.6748571991920471,0.6577772498130798],"pose4x4":[-0.02844536304473877,-0.7760589122772217,0.6300188302993774,0.0,0.9995639324188232,-0.01707756519317627,0.02409416437149048,0.0,-0.007939428091049194,0.6304293870925903,0.7762060165405273,0.0,0.00298954825848341,-0.007351510226726532,0.0050637684762477875,1.0],"resolution":[720,540],"sequence":30,"timestamp":1696165165.85,"tracking":2,"trackingReason":0},{"exposure":0.0,"image":"frame_00000031.jpg","intrinsics":[548.31787109375,548.31787109375,351.7047119140625,268.5338134765625,0.0],"location":{"altitude":112.51773071289063,"altitudeAccuracy":1.7891985177993774,"heading":94.57958984375,"headingAccuracy":5.631765365600586,"headingTimestamp":1696165158000.0,"latitude":51.446983337402344,"longitude":7.034748554229736,"positionAccuracy":5.631765365600586,"positionSource":"corelocation","positionTimestamp":1696165158000.0},"pose":[0.0032698134891688824,-0.007738064508885145,0.004069690126925707,-0.2310040146112442,-0.24297231435775757,-0.6746620535850525,0.6575957536697388],"pose4x4":[-0.02840888500213623,-0.7750546336174011,0.6312544345855713,0.0,0.9995649456977844,-0.017063498497009277,0.02403387427330017,0.0,-0.007855862379074097,0.6316629648208618,0.7752032279968262,0.0,0.0032698134891688824,-0.007738064508885145,0.004069690126925707,1.0],"resolution":[720,540],"sequence":31,"timestamp":1696165165.95,"tracking":2,"trackingReason":0},{"exposure":0.0,"image":"frame_00000032.jpg","intrinsics":[548.5375366210938,548.5375366210938,351.6973876953125,268.52667236328125,0.0],"location":{"altitude":112.51773071289063,"altitudeAccuracy":1.7891985177993774,"heading":94.57958984375,"headingAccuracy":5.631765365600586,"headingTimestamp":1696165158000.0,"latitude":51.446983337402344,"longitude":7.034748554229736,"positionAccuracy":5.631765365600586,"positionSource":"corelocation","positionTimestamp":1696165158000.0},"pose":[0.0035641295835375786,-0.00815771147608757,0.0035034529864788055,-0.23101331293582916,-0.24332213401794434,-0.674649715423584,0.6574768424034119],"pose4x4":[-0.028715848922729492,-0.7747118473052979,0.63166344165802,0.0,0.9995543956756592,-0.017038822174072266,0.024542629718780518,0.0,-0.008251219987869263,0.6320862174034119,0.7748543620109558,0.0,0.0035641295835375786,-0.00815771147608757,0.0035034529864788055,1.0],"resolution":[720,540],"sequence":32,"timestamp":1696165166.049,"tracking":2,"trackingReason":0},{"exposure":0.0,"image":"frame_00000033.jpg","intrinsics":[548.31787109375,548.31787109375,351.6831970214844,268.54095458984375,0.0],"location":{"altitude":112.51773071289063,"altitudeAccuracy":1.7891985177993774,"heading":94.57958984375,"headingAccuracy":5.631765365600586,"headingTimestamp":1696165158000.0,"latitude":51.446983337402344,"longitude":7.034748554229736,"positionAccuracy":5.631765365600586,"positionSource":"corelocation","positionTimestamp":1696165158000.0},"pose":[0.0035051563754677773,-0.008589391596615314,0.002899373648688197,-0.23166607320308685,-0.24353544414043427,-0.6742494702339172,0.6575784087181091],"pose4x4":[-0.027843713760375977,-0.7739059925079346,0.6326887607574463,0.0,0.9995815753936768,-0.016563057899475098,0.023730069398880005,0.0,-0.007885843515396118,0.6330845355987549,0.7740426063537598,0.0,0.0035051563754677773,-0.008589391596615314,0.002899373648688197,1.0],"resolution":[720,540],"sequence":33,"timestamp":1696165166.149,"tracking":2,"trackingReason":0},{"exposure":0.0,"image":"frame_00000034.jpg","intrinsics":[548.5375366210938,548.5375366210938,351.7037353515625,268.5748596191406,0.0],"location":{"altitude":112.51773071289063,"altitudeAccuracy":1.7891985177993774,"heading":94.57958984375,"headingAccuracy":5.631765365600586,"headingTimestamp":1696165158000.0,"latitude":51.446983337402344,"longitude":7.034748554229736,"positionAccuracy":5.631765365600586,"positionSource":"corelocation","positionTimestamp":1696165158000.0},"pose":[0.003524309955537319,-0.008493822067975998,0.0023057758808135986,-0.23156996071338654,-0.2434076964855194,-0.6742605566978455,0.6576476693153381],"pose4x4":[-0.027749180793762207,-0.7741199731826782,0.6324299573898315,0.0,0.9995836019515991,-0.01650393009185791,0.023657530546188354,0.0,-0.007876008749008179,0.6328233480453491,0.7742561101913452,0.0,0.003524309955537319,-0.008493822067975998,0.0023057758808135986,1.0],"resolution":[720,540],"sequence":34,"timestamp":1696165166.233,"tracking":2,"trackingReason":0},{"exposure":0.0,"image":"frame_00000035.jpg","intrinsics":[548.5375366210938,548.5375366210938,351.7119140625,268.53240966796875,0.0],"location":{"altitude":112.51773071289063,"altitudeAccuracy":1.7891985177993774,"heading":94.57958984375,"headingAccuracy":5.631765365600586,"headingTimestamp":1696165158000.0,"latitude":51.446983337402344,"longitude":7.034748554229736,"positionAccuracy":5.631765365600586,"positionSource":"corelocation","positionTimestamp":1696165158000.0},"pose":[0.0034905429929494858,-0.00817770604044199,0.0016860280884429812,-0.23116230964660645,-0.2433805614709854,-0.6741845011711121,0.6578794121742249],"pose4x4":[-0.02751767635345459,-0.7745434045791626,0.6319222450256348,0.0,0.9995850324630737,-0.015921592712402344,0.02401295304298401,0.0,-0.008538037538528442,0.6323206424713135,0.7746597528457642,0.0,0.0034905429929494858,-0.00817770604044199,0.0016860280884429812,1.0],"resolution":[720,540],"sequence":35,"timestamp":1696165166.316,"tracking":2,"trackingReason":0},{"exposure":0.0,"image":"frame_00000036.jpg","intrinsics":[548.5375366210938,548.5375366210938,351.715087890625,268.49456787109375,0.0],"location":{"altitude":112.51773071289063,"altitudeAccuracy":1.7891985177993774,"heading":94.57958984375,"headingAccuracy":5.631765365600586,"headingTimestamp":1696165158000.0,"latitude":51.446983337402344,"longitude":7.034748554229736,"positionAccuracy":5.631765365600586,"positionSource":"corelocation","positionTimestamp":1696165158000.0},"pose":[0.003653237596154213,-0.007710196077823639,0.00019592046737670898,-0.23089592158794403,-0.2433222532272339,-0.6740868091583252,0.6580947637557983],"pose4x4":[-0.02719748020172119,-0.774861752986908,0.6315460205078125,0.0,0.9995902180671692,-0.015411853790283203,0.024137824773788452,0.0,-0.008970409631729126,0.6319434642791748,0.7749627232551575,0.0,0.003653237596154213,-0.007710196077823639,0.00019592046737670898,1.0],"resolution":[720,540],"sequence":36,"timestamp":1696165166.399,"tracking":2,"trackingReason":0},{"exposure":0.0,"image":"frame_00000037.jpg","intrinsics":[548.7571411132813,548.7571411132813,351.7193298339844,268.5547790527344,0.0],"location":{"altitude":112.51773071289063,"altitudeAccuracy":1.7891985177993774,"heading":94.57958984375,"headingAccuracy":5.631765365600586,"headingTimestamp":1696165158000.0,"latitude":51.446983337402344,"longitude":7.034748554229736,"positionAccuracy":5.631765365600586,"positionSource":"corelocation","positionTimestamp":1696165158000.0},"pose":[0.00392730999737978,-0.007679551839828491,-0.0008906424045562744,-0.23051421344280243,-0.24325250089168549,-0.6741091012954712,0.6582309007644653],"pose4x4":[-0.02718973159790039,-0.7752925753593445,0.6310160756111145,0.0,0.9995852112770081,-0.015119791030883789,0.024494290351867676,0.0,-0.009449183940887451,0.6314206123352051,0.7753828167915344,0.0,0.00392730999737978,-0.007679551839828491,-0.0008906424045562744,1.0],"resolution":[720,540],"sequence":37,"timestamp":1696165166.483,"tracking":2,"trackingReason":0},{"exposure":0.0,"image":"frame_00000038.jpg","intrinsics":[548.5375366210938,548.5375366210938,351.71234130859375,268.5691223144531,0.0],"location":{"altitude":112.51773071289063,"altitudeAccuracy":1.7891985177993774,"heading":94.57958984375,"headingAccuracy":5.631765365600586,"headingTimestamp":1696165158000.0,"latitude":51.446983337402344,"longitude":7.034748554229736,"positionAccuracy":5.631765365600586,"positionSource":"corelocation","positionTimestamp":1696165158000.0},"pose":[0.004176367074251175,-0.008098773658275604,-0.0011249035596847534,-0.23057706654071808,-0.24362201988697052,-0.6739091873168945,0.6582770347595215],"pose4x4":[-0.027010560035705566,-0.7748906016349792,0.6315175294876099,0.0,0.9995852112770081,-0.014638781547546387,0.024791061878204346,0.0,-0.009965568780899048,0.6319254040718079,0.7749650478363037,0.0,0.004176367074251175,-0.008098773658275604,-0.0011249035596847534,1.0],"resolution":[720,540],"sequence":38,"timestamp":1696165166.583,"tracking":2,"trackingReason":0},{"exposure":0.0,"image":"frame_00000039.jpg","intrinsics":[548.5375366210938,548.5375366210938,351.69781494140625,268.5619812011719,0.0],"location":{"altitude":112.51773071289063,"altitudeAccuracy":1.7891985177993774,"heading":94.57958984375,"headingAccuracy":5.631765365600586,"headingTimestamp":1696165158000.0,"latitude":51.446983337402344,"longitude":7.034748554229736,"positionAccuracy":5.631765365600586,"positionSource":"corelocation","positionTimestamp":1696165158000.0},"pose":[0.004358251113444567,-0.008209972642362118,-0.000524501723702997,-0.23045501112937927,-0.24424847960472107,-0.6735636591911316,0.6584419012